 4470 12/03/2014 10:34:09 95456.500 95745.453 95842.570 -10200.000 0.000 48.000 34791.836 -10384.820 0.958 0.000 0.000
 4469  12/03/2014  04:35:10  95563.227  95557.547  95886.078  -10200.000      0.000     48.000  34803.949  -10814.418      0.955      0.000      0.000
 4468  12/03/2014  04:40:10.406  95541.703  95591.859  95926.867  -10200.000      0.000     48.000  34635.277  -10683.431      0.956      0.000      0.000
 4467  12/03/2014  04:45:10.439  95680.078  95926.328  95578.797  -10200.000      0.000     48.000  34379.926  -10578.760      0.956      0.000      0.000
 4466  12/03/2014  04:50:10.501  95671.680  95787.484  96014.258  -10200.000      0.000     48.000  34466.426  -10710.234      0.955      0.000      0.000
 4465  12/03/2014  04:55:10.699  95895.211  95567.328  95775.570  -10200.000      0.000     48.000  34215.848  -10623.404      0.955      0.000      0.000
 4464  12/03/2014  05:00:10.363  95597.523  95640.227  95940.242  -10200.000      0.000     48.000  34306.027  -10418.163      0.957      0.000      0.000
 4463  12/03/2014  05:05:10.391  95541.594  95863.117  95685.961  -10200.000      0.000     48.000  34341.957  -10429.783      0.957      0.000      0.000
 4462  12/03/2014  05:10:10.493  95714.187  95549.930  95573.234  -10200.000      0.000     48.000  34606.750  -10630.972      0.956      0.000      0.000
 4461  12/03/2014  05:15:10.651  95469.914  95731.180  95644.500  -10200.000      0.000     48.000  34396.566  -10670.019      0.955      0.000      0.000
 4460  12/03/2014  05:20:10.395  95511.383  95646.750  95775.172  -10200.000      0.000     48.000  34367.176  -10507.451      0.956      0.000      0.000
 4459  12/03/2014  05:25:10.477  95591.859  95686.414  95405.336  -10200.000      0.000     48.000  33653.484  -10906.306      0.951      0.000      0.000
 4458  12/03/2014  05:30:10.535  95387.383  95661.164  95473.062  -10200.000      0.000     48.000  33096.418  -10638.472      0.952      0.000      0.000
 4457  12/03/2014  05:35:10.668  95469.656  95744.437  95534.812  -10200.000      0.000     48.000  31178.768  -10434.641      0.948      0.000      0.000
 4456  12/03/2014  05:40:10.871  95460.602  95290.562  95593.523  -10200.000      0.000     48.000  31372.453  -10370.604      0.949      0.000      0.000
 4455  12/03/2014  05:45:10.440  95511.484  95652.711  95352.281  -10200.000      0.000     48.000  31235.791  -10470.515      0.948      0.000      0.000
 4454  12/03/2014  05:50:10.591  95551.516  95509.023  95308.758  -10200.000      0.000     48.000  30824.564  -10620.490      0.945      0.000      0.000
 4453  12/03/2014  05:55:10.815  95335.742  95487.172  95157.625  -10200.000      0.000     48.000  29819.523  -10469.177      0.944      0.000      0.000
 4452  12/03/2014  06:00:10.452  95099.555  95081.437  95392.406  -10200.000      0.000     48.000  27757.561  -10309.497      0.937      0.000      0.000
 4451  12/03/2014  06:05:10.710  94977.547  95254.742  95058.719  -10200.000      0.000     48.000  27118.676  -10933.309      0.927      0.000      0.000
 4450  12/03/2014  06:10:10.813  94940.945  95053.680  95209.734  -10200.000      0.000     48.000  27495.848  -10670.182      0.932      0.000      0.000